0.000000 349 1 0
0.019575 348 2 0
0.021563 347 3 0
0.021805 346 4 0
0.030778 345 5 0
0.034535 344 6 0
0.038895 343 7 0
0.045777 343 6 1
0.047173 342 7 1
0.049830 341 8 1
0.050148 340 9 1
0.051099 339 10 1
0.057645 338 11 1
0.059039 337 12 1
0.059309 336 13 1
0.059423 336 12 2
0.059704 335 13 2
0.062839 335 12 3
0.071491 334 13 3
0.071842 333 14 3
0.074391 333 13 4
0.074953 332 14 4
0.075001 331 15 4
0.075105 330 16 4
0.076946 329 17 4
0.079686 329 16 5
0.080079 329 15 6
0.080091 328 16 6
0.080562 328 15 7
0.083630 328 14 8
0.087342 327 15 8
0.088633 327 14 9
0.091727 326 15 9
0.092990 325 16 9
0.093934 324 17 9
0.094689 323 18 9
0.095999 323 17 10
0.096976 322 18 10
0.098868 321 19 10
0.099778 320 20 10
0.099951 319 21 10
0.101336 318 22 10
0.101621 317 23 10
0.102168 316 24 10
0.102630 316 23 11
0.103016 316 22 12
0.104675 315 23 12
0.105084 314 24 12
0.105638 313 25 12
0.105953 313 24 13
0.106850 313 23 14
0.107221 312 24 14
0.107369 311 25 14
0.107655 311 24 15
0.108416 311 23 16
0.108916 310 24 16
0.111340 309 25 16
0.111496 308 26 16
0.111606 307 27 16
0.111903 306 28 16
0.111936 305 29 16
0.113250 304 30 16
0.113280 303 31 16
0.113445 302 32 16
0.115187 302 31 17
0.115338 301 32 17
0.115637 300 33 17
0.115682 299 34 17
0.115852 299 33 18
0.116878 298 34 18
0.116975 297 35 18
0.117491 296 36 18
0.118239 295 37 18
0.118457 294 38 18
0.120255 293 39 18
0.122113 292 40 18
0.122162 292 39 19
0.123179 291 40 19
0.123696 290 41 19
0.124713 289 42 19
0.125162 288 43 19
0.126071 287 44 19
0.127491 287 43 20
0.128437 286 44 20
0.128540 286 43 21
0.129014 285 44 21
0.129937 284 45 21
0.131073 284 44 22
0.131077 283 45 22
0.131313 282 46 22
0.131511 282 45 23
0.131648 281 46 23
0.131664 280 47 23
0.132186 279 48 23
0.132918 278 49 23
0.133290 277 50 23
0.133619 276 51 23
0.135281 275 52 23
0.135519 274 53 23
0.135582 273 54 23
0.136218 272 55 23
0.137562 271 56 23
0.137702 270 57 23
0.137898 269 58 23
0.137970 269 57 24
0.138537 269 56 25
0.139252 268 57 25
0.139588 267 58 25
0.140036 267 57 26
0.140172 266 58 26
0.141499 265 59 26
0.142573 264 60 26
0.142640 263 61 26
0.143263 262 62 26
0.146307 262 61 27
0.146742 261 62 27
0.146805 261 61 28
0.146978 260 62 28
0.147795 259 63 28
0.148113 258 64 28
0.148987 258 63 29
0.149005 258 62 30
0.149200 257 63 30
0.149568 256 64 30
0.149630 255 65 30
0.149638 254 66 30
0.150326 253 67 30
0.150819 253 66 31
0.150857 252 67 31
0.151983 251 68 31
0.152029 251 67 32
0.152145 250 68 32
0.152411 250 67 33
0.152461 249 68 33
0.152778 248 69 33
0.153357 247 70 33
0.153771 246 71 33
0.154249 246 70 34
0.154996 245 71 34
0.155520 245 70 35
0.155993 244 71 35
0.157452 243 72 35
0.157615 242 73 35
0.158351 241 74 35
0.158625 240 75 35
0.159828 240 74 36
0.159923 239 75 36
0.160536 238 76 36
0.161598 237 77 36
0.161634 236 78 36
0.162175 236 77 37
0.162349 235 78 37
0.162459 234 79 37
0.162564 234 78 38
0.162763 234 77 39
0.162954 233 78 39
0.163906 232 79 39
0.164301 231 80 39
0.164618 231 79 40
0.165389 230 80 40
0.165678 230 79 41
0.166103 230 78 42
0.167563 230 77 43
0.167886 229 78 43
0.168003 229 77 44
0.168303 228 78 44
0.168574 227 79 44
0.168726 227 78 45
0.169125 226 79 45
0.169179 225 80 45
0.169267 224 81 45
0.170156 223 82 45
0.170235 222 83 45
0.171416 222 82 46
0.171788 221 83 46
0.172478 221 82 47
0.172531 221 81 48
0.172609 220 82 48
0.173010 219 83 48
0.173429 219 82 49
0.173676 219 81 50
0.175433 218 82 50
0.175731 218 81 51
0.175764 218 80 52
0.175802 217 81 52
0.175923 217 80 53
0.176511 217 79 54
0.176956 216 80 54
0.177150 215 81 54
0.177709 215 80 55
0.177741 215 79 56
0.178175 214 80 56
0.178373 213 81 56
0.178618 212 82 56
0.179072 211 83 56
0.179207 211 82 57
0.179209 210 83 57
0.179270 209 84 57
0.179508 208 85 57
0.180578 207 86 57
0.180758 206 87 57
0.181044 205 88 57
0.181193 204 89 57
0.181759 204 88 58
0.181809 204 87 59
0.181949 203 88 59
0.182208 203 87 60
0.182386 202 88 60
0.183116 201 89 60
0.183126 200 90 60
0.183195 200 89 61
0.183563 199 90 61
0.184685 198 91 61
0.185430 197 92 61
0.185926 196 93 61
0.186105 195 94 61
0.186303 194 95 61
0.186374 193 96 61
0.186575 192 97 61
0.186989 191 98 61
0.187025 190 99 61
0.188143 189 100 61
0.188470 189 99 62
0.189071 189 98 63
0.189545 189 97 64
0.189588 188 98 64
0.189645 188 97 65
0.189655 187 98 65
0.189667 186 99 65
0.190156 186 98 66
0.190239 186 97 67
0.190342 185 98 67
0.190513 184 99 67
0.190988 183 100 67
0.191140 182 101 67
0.191471 181 102 67
0.191645 180 103 67
0.191739 179 104 67
0.192091 179 103 68
0.192119 179 102 69
0.192237 179 101 70
0.193080 178 102 70
0.193479 178 101 71
0.194331 177 102 71
0.194824 176 103 71
0.196028 175 104 71
0.196323 175 103 72
0.196621 174 104 72
0.197042 173 105 72
0.197232 173 104 73
0.197783 172 105 73
0.197983 171 106 73
0.198570 170 107 73
0.198842 170 106 74
0.199023 169 107 74
0.199042 169 106 75
0.199057 168 107 75
0.199934 168 106 76
0.201284 167 107 76
0.201351 167 106 77
0.201352 166 107 77
0.201897 165 108 77
0.202111 164 109 77
0.202255 164 108 78
0.202291 163 109 78
0.202846 163 108 79
0.203052 162 109 79
0.203288 162 108 80
0.203372 161 109 80
0.203853 160 110 80
0.203944 160 109 81
0.204065 159 110 81
0.205111 159 109 82
0.205199 159 108 83
0.205386 159 107 84
0.205544 158 108 84
0.205597 157 109 84
0.205718 156 110 84
0.205730 156 109 85
0.206081 155 110 85
0.206317 154 111 85
0.206393 153 112 85
0.206777 153 111 86
0.207896 152 112 86
0.208183 151 113 86
0.208360 150 114 86
0.208524 150 113 87
0.209188 150 112 88
0.209446 150 111 89
0.209451 150 110 90
0.209701 150 109 91
0.209748 150 108 92
0.210499 150 107 93
0.210656 150 106 94
0.210820 149 107 94
0.212238 148 108 94
0.213296 148 107 95
0.213369 147 108 95
0.213957 147 107 96
0.214854 146 108 96
0.214972 145 109 96
0.215317 144 110 96
0.215653 143 111 96
0.215691 142 112 96
0.216772 142 111 97
0.216978 142 110 98
0.216991 141 111 98
0.217293 140 112 98
0.217401 140 111 99
0.217403 139 112 99
0.217550 138 113 99
0.217577 138 112 100
0.218064 137 113 100
0.218276 137 112 101
0.218894 136 113 101
0.219114 136 112 102
0.219404 136 111 103
0.220073 135 112 103
0.220148 134 113 103
0.220663 133 114 103
0.221191 132 115 103
0.221287 131 116 103
0.221295 130 117 103
0.222804 129 118 103
0.222911 129 117 104
0.223283 128 118 104
0.224955 128 117 105
0.224966 127 118 105
0.225047 126 119 105
0.225110 125 120 105
0.225192 124 121 105
0.225881 124 120 106
0.226477 124 119 107
0.227369 123 120 107
0.227462 123 119 108
0.228920 122 120 108
0.229648 121 121 108
0.229822 120 122 108
0.229913 120 121 109
0.229949 119 122 109
0.230298 118 123 109
0.230533 117 124 109
0.231212 116 125 109
0.231217 116 124 110
0.232130 116 123 111
0.232800 115 124 111
0.232970 114 125 111
0.233000 114 124 112
0.233139 114 123 113
0.233153 114 122 114
0.233707 113 123 114
0.234091 112 124 114
0.235189 111 125 114
0.235945 110 126 114
0.235994 109 127 114
0.236244 109 126 115
0.236375 108 127 115
0.236512 108 126 116
0.237053 108 125 117
0.237328 108 124 118
0.237530 108 123 119
0.238226 108 122 120
0.238248 108 121 121
0.238320 108 120 122
0.239220 107 121 122
0.240771 107 120 123
0.240785 107 119 124
0.241640 107 118 125
0.241994 106 119 125
0.242067 105 120 125
0.242160 105 119 126
0.242170 104 120 126
0.242444 103 121 126
0.242566 103 120 127
0.242609 102 121 127
0.243002 101 122 127
0.243522 101 121 128
0.243857 101 120 129
0.244772 101 119 130
0.244790 101 118 131
0.245654 101 117 132
0.245968 100 118 132
0.246149 99 119 132
0.246189 98 120 132
0.246685 97 121 132
0.246978 96 122 132
0.247400 95 123 132
0.247498 95 122 133
0.247652 94 123 133
0.247713 93 124 133
0.248395 93 123 134
0.248502 92 124 134
0.248728 92 123 135
0.249602 92 122 136
0.249640 91 123 136
0.250520 91 122 137
0.251509 90 123 137
0.252623 90 122 138
0.252811 89 123 138
0.253508 88 124 138
0.254061 87 125 138
0.254106 86 126 138
0.254392 85 127 138
0.254678 84 128 138
0.254982 83 129 138
0.255997 82 130 138
0.256704 82 129 139
0.257186 82 128 140
0.258654 81 129 140
0.258824 81 128 141
0.260039 81 127 142
0.260445 81 126 143
0.260740 81 125 144
0.261791 81 124 145
0.262193 81 123 146
0.262596 80 124 146
0.262948 80 123 147
0.263280 80 122 148
0.263562 80 121 149
0.263583 80 120 150
0.263891 80 119 151
0.264275 80 118 152
0.265028 79 119 152
0.266274 78 120 152
0.266408 77 121 152
0.266696 76 122 152
0.266893 75 123 152
0.267175 74 124 152
0.267593 74 123 153
0.267953 74 122 154
0.267999 74 121 155
0.268140 73 122 155
0.268532 72 123 155
0.268663 72 122 156
0.269019 72 121 157
0.269279 71 122 157
0.270085 70 123 157
0.270266 70 122 158
0.271730 69 123 158
0.271751 69 122 159
0.271980 68 123 159
0.273293 67 124 159
0.273299 67 123 160
0.273649 66 124 160
0.273922 66 123 161
0.274005 66 122 162
0.274221 65 123 162
0.274676 65 122 163
0.275846 65 121 164
0.276254 65 120 165
0.276607 64 121 165
0.277227 64 120 166
0.278364 64 119 167
0.278377 63 120 167
0.278925 62 121 167
0.279419 61 122 167
0.279594 61 121 168
0.280953 61 120 169
0.281527 61 119 170
0.282110 61 118 171
0.282647 60 119 171
0.283117 59 120 171
0.283143 59 119 172
0.283274 59 118 173
0.283573 58 119 173
0.284271 57 120 173
0.284637 56 121 173
0.284742 56 120 174
0.285333 56 119 175
0.286072 56 118 176
0.287278 56 117 177
0.287296 56 116 178
0.288283 55 117 178
0.288768 55 116 179
0.289823 55 115 180
0.290180 55 114 181
0.290664 54 115 181
0.290982 53 116 181
0.292325 53 115 182
0.292373 53 114 183
0.292947 53 113 184
0.293160 52 114 184
0.293189 52 113 185
0.293688 51 114 185
0.295312 51 113 186
0.296255 51 112 187
0.296339 51 111 188
0.297334 51 110 189
0.297893 50 111 189
0.298051 49 112 189
0.301024 49 111 190
0.301515 48 112 190
0.303673 48 111 191
0.303787 48 110 192
0.303804 48 109 193
0.303863 48 108 194
0.305834 47 109 194
0.306402 47 108 195
0.307058 47 107 196
0.307285 46 108 196
0.307563 45 109 196
0.307629 45 108 197
0.307743 45 107 198
0.307766 45 106 199
0.308154 45 105 200
0.309104 45 104 201
0.309747 45 103 202
0.310035 44 104 202
0.310049 44 103 203
0.310092 44 102 204
0.310179 44 101 205
0.310730 43 102 205
0.311010 43 101 206
0.311218 42 102 206
0.311841 41 103 206
0.315074 41 102 207
0.315273 40 103 207
0.317077 40 102 208
0.317123 39 103 208
0.317816 38 104 208
0.317956 38 103 209
0.318196 37 104 209
0.318230 37 103 210
0.319323 37 102 211
0.322026 37 101 212
0.322231 37 100 213
0.323240 36 101 213
0.324706 36 100 214
0.325028 36 99 215
0.325077 36 98 216
0.326865 36 97 217
0.327091 36 96 218
0.327794 36 95 219
0.328147 36 94 220
0.329834 36 93 221
0.330520 36 92 222
0.330822 36 91 223
0.331690 36 90 224
0.332407 35 91 224
0.332825 35 90 225
0.332990 35 89 226
0.334362 35 88 227
0.335058 35 87 228
0.335653 35 86 229
0.337405 35 85 230
0.339017 35 84 231
0.339284 35 83 232
0.340261 35 82 233
0.340471 35 81 234
0.340634 35 80 235
0.341018 35 79 236
0.341082 34 80 236
0.342688 34 79 237
0.343718 34 78 238
0.344292 34 77 239
0.345143 34 76 240
0.346498 33 77 240
0.347992 33 76 241
0.348269 32 77 241
0.348496 32 76 242
0.349370 32 75 243
0.349388 32 74 244
0.349611 31 75 244
0.351417 31 74 245
0.351693 31 73 246
0.352008 31 72 247
0.352589 30 73 247
0.353953 30 72 248
0.357112 30 71 249
0.357140 29 72 249
0.358278 29 71 250
0.359201 29 70 251
0.360980 29 69 252
0.363566 28 70 252
0.363697 28 69 253
0.366818 27 70 253
0.366863 26 71 253
0.370027 26 70 254
0.370147 26 69 255
0.370490 26 68 256
0.370803 26 67 257
0.372211 26 66 258
0.372264 25 67 258
0.373336 24 68 258
0.377336 24 67 259
0.377551 24 66 260
0.378729 24 65 261
0.379758 24 64 262
0.380646 23 65 262
0.381509 22 66 262
0.381616 22 65 263
0.382268 22 64 264
0.382507 22 63 265
0.383320 22 62 266
0.383451 22 61 267
0.388767 22 60 268
0.391299 21 61 268
0.395097 21 60 269
0.395622 21 59 270
0.395784 21 58 271
0.396188 21 57 272
0.400480 21 56 273
0.402505 21 55 274
0.402935 21 54 275
0.403873 21 53 276
0.404248 21 52 277
0.404476 21 51 278
0.405337 21 50 279
0.406999 20 51 279
0.408556 20 50 280
0.409004 20 49 281
0.413722 20 48 282
0.416148 20 47 283
0.420921 20 46 284
0.422213 19 47 284
0.422884 19 46 285
0.423493 19 45 286
0.426795 19 44 287
0.428153 19 43 288
0.434495 19 42 289
0.437338 19 41 290
0.439454 18 42 290
0.440790 18 41 291
0.441563 18 40 292
0.443066 18 39 293
0.446480 18 38 294
0.447705 18 37 295
0.452749 18 36 296
0.461125 18 35 297
0.461240 18 34 298
0.466105 18 33 299
0.471037 18 32 300
0.474849 18 31 301
0.476165 18 30 302
0.477590 18 29 303
0.479215 18 28 304
0.486581 18 27 305
0.487021 18 26 306
0.493456 18 25 307
0.496796 18 24 308
0.498628 18 23 309
0.498861 18 22 310
0.499961 18 21 311
0.503449 18 20 312
0.507872 18 19 313
0.514731 18 18 314
0.516934 18 17 315
0.521510 18 16 316
0.526584 17 17 316
0.531962 17 16 317
0.537065 17 15 318
0.544441 17 14 319
0.563597 17 13 320
0.563775 17 12 321
0.578659 17 11 322
0.582270 17 10 323
0.597329 17 9 324
0.598242 17 8 325
0.605178 17 7 326
0.610876 16 8 326
0.621486 16 7 327
0.622446 16 6 328
0.638558 16 5 329
0.670599 16 4 330
0.695992 16 3 331
0.698511 15 4 331
0.717142 15 3 332
0.725039 15 2 333
0.797800 15 1 334
0.835215 15 0 335